# Chunk ID: 0404e5091ceb
# Source: 2014-114 - 06_10_2014_enhanced_resolution.md
# Index: 33/52
# agenda_item: H-1
# resolution: 2014-114
# document_type: RESOLUTION
# meeting_date: 06.10.2014

---

| 8845 | 8750 | $1,701 | 83,296 | 5330 | 83,626 | 841,219 | | 0341170050291 | CITY OF CORAL GABLES LESSOR | 8940,000 | 3,147 | 13.4 | S663 | 8602 | 8398 | 81,663 | S166 | S1,829 | 820,792 | | 0341170050300 | MIRACLE MILE $ LLC | 83,180,450 | 9,145 | 73.12 | 82,243 | 81,749 | 82,172 | S6,164 | | 86,780 | 877,073 | | 0341170050310 | MIRACLE MILE $ LLC | 81,108,080 | 2,867 | 40.28 | 8781 | 8548 | $1,196 | | 8253 | | 831,588 | | 0341170050315 | JEANIE HOLMES TR | 82,194,290 | 6,449 | 48.9 | 81,547 | 81,233 | 81,452 | 84,233 | 8423 | 84,657 | 852,934 | | 0341170050320 | GABLES MIRACLE MILE LLC | 81,118,880 | 2,912 | 25.78 | 5789 | 8557 | | 82,112 | 8211 | 82,323 | 826,405 | | 0341170050330 | BALOGH BROTHERS LLC | 82,390,430 | 7,383 | 49.64 | 81,686 | $1,412 | 81,474 | 84,572 | 8457 | 85,029 | 857,172 | | PIN | NAME | Market Value | Adj Bld.SF | FF | Market Value Ass. | Building SF Ass. | Front Feet Ass: | Annual Ass. | Admin. Fee | Total Annual Ass. | Total Par Debt Ass. | |---------------|----------------------------------|----------------|--------------|--------|---------------------|--------------------|-------------------|---------------|--------------|---------------------|-----------------------| | 0371170050340 | WILL OF MILDREDW BROWNLLC | 5810,810 | 1,861 | 19.85 | 8572 | 5356 | 5590 | 81,517 | 8152 | | 518.973 | | 0341170050350 | GABLES MIRACLE MILE LLC | 88,310,550 | 47,100 | 204.7 | 85,861 | 89,008 | S6,080 | 820,949 | 82,095 | 823,043 | 8261,948 | | 0341170050471 | THE PONCE DE LEON PARTNERSHIP | S1,875,580 | 7,453 | 48.34 | 81,323 | 81,425 | 81,436 | 84,184 | | | 852,316 | | 0341170050480 | MCBRIDE FAM LTD PARTNERSHIP | 84,300,000 | 34,077 | 202.82 | 83,032 | 86,517 | | 815,574 | 81,557 | 817,131 | 8194,740 | | 0341170050520 | MIRMAC PARTNERS LLC | 8858,735 | | 52.41 | S606 | | 81,557 | 82,162 | 8216 | 82,379 | 827,038 | | 0341170050530 | GABLES MIRACLE MILE LLC | 81,032,840 | 2,616 | 26.32 | 8728 | 8500 | 8782 | 82,010 | 8201 | 82,211 | 525,139 | | 0341170050540 | GLORIA B SILVER & LEO SILVER TRS | 82,816,880 | 9,378 | 49.97 | 81,986 | 81,794 | 81,484 | 85,264 | 8526 | 85,791 | 865,826 | | 0341170050550 | ANGELO VITUCCI TRS | 82,137,680 | 5,532 | 49.33 | 81,507 | 81,058 | 81,465 | 84,031 | 8403 | 84,434 | 850,401 | | 0341170050560 | 116 MIRACLE MILE LLC | 8663,166 | 6,526 | 24.9 | 8468 | 81,248 | 8740 | 82,455 | 8246 | 82,701 | 830,703 | | 0341170050790 | MIRACLE CENTER | 83,609,330 | 9,473 | 100.55 | 82,545 | 81,812 | 82,987 | 87,344 | 8734 | 88,078 | S91,827 | | 0341170050800 | 80 82 MIRACLE MILE LLC | 8773,600 | 1,843 | 22.68 | 8546 | 8352 | 8674 | $1,572 | 8157 | S1,729 | | | 0341170050810 | HYERDALE ASSOCIATES LLC | | 1,948 | 27.42 | S560 | 8373 | 8814 | 81,747 | 8175 | 81,922 | 821,849 | | 0341170050840 | BARRY A EICHENBAUM | | 1,109 | 16.04 | | S212 | S476 | | | 81,158 | 813,165 | | 0341170050850 | C & S INVESTMENT CORP | 82,546,190 | 6,339 | 76.59 | 81,796 | 81,212 | 82,275 | 85,283 | 8528 | 85,811 | 866,058 | | 0341170050860 | THOMAS C MAYES JR | 81,533,400 | 3,617 | 45.54 | 81,081 | 8692 | 81,353 | 83,126 | 8313 | 83,438 | 839,085 | | 0341170050870 | SANDS INVESTMENTS LLC | 81,571,400 | 3,807 | 49 | | 8728 | | 83,292 | 8329 | 83,621 | 841,160 | | 0341170050880 | MIRACLE REAL ESTATE LTD | 83,049,290 | 8,799 | 76.27 | 82,150 | 81,683 | 82,265 | 099 | S610 | 86,708 | 876,259 | | 0341170060010 | NNN TRS INC | 84,700,000 | 30,005 | 157 | 83,314 | 85,738 | 84,663 | | | 815,088 | 8171,512 | | 0341170050570 | SOUTHEAST STB PORFOLIO LLC | 84,604,261 | 36,782 | 98.63 | | 87,035 | 82,930 | 813,211 | 81,321 | 814,532 | 8165,195 | | 0341080890010 | PRIM BAC COLONNADE LLC | 847,000,000 | 205,295 | 207 | | 839,263 | S6,148 | | S7,856 | 886,411 | 8982,285 | | 0341080890020 | CG HOTEL COLONNADE LLC | 822,000,000 | 100,000