# Chunk ID: 11bdee6bbe95
# Source: Resolution_2014-114.md
# Index: 31/51
# document_type: DOCUMENT
# source_file: 2014-114 - 06_10_2014.pdf
# processed_stage: Stage 1 (OCR Extraction)
# conversion_date: 2025-07-05 01:15:22

---

| 0341080063550 | 345 MM LLC | 1,950,000 | 4,680 | 54.38 | 1,375 | 895 | 1,615 | 3,885 | 389 | 4,274 | 48,584 | | 0341080063560 | HELEN KATHERINE LlMMIATIS TRS | 1,827,150 | 5 , 547 | 49.70 | 1,289 | 1,061 | 1,476 | 3,826 | 383 | 4,208 | 47,836 | | 0341080063580 | MOORMAN PROPERTIES I LLC | 2,136,100 | 5,940 | 49.52 | 1,506 | 1,136 | 1,471 | 4,113 | 411 | 4,525 | 51,434 | | 0341080063581 | G C M M INC | 1,424,050 | 3,604 | 49.13 | 1,004 | 689 | 1,459 | 3,153 | 315 | 3,468 | 39,423 | | 0341080063590 | MIRACLE MILE PLAZA INC | 1,657,340 | 6,238 | 133.30 | 1,169 | 1,193 | 3,959 | 6,321 | 632 | 6,953 | 79,041 | | 0341080063710 | TOBA MEISELMAN TRS | 3,084,690 | 8,365 | 71.27 | 2,175 | 1,600 | 2,117 | 5,892 | 589 | 6,481 | 73,676 | | 0341080063730 | ODESSA INV INC | 4,120,480 | 11,688 | 102.00 | 2,906 | 2,235 | 3,030 | 8,171 | 817 | 8,988 | 102,170 | | 0341080063740 | ALEE INC | 1,586,400 | 3,837 | 46.57 | 1,119 | 734 | 1,383 | 3,236 | 324 | 3,559 | 40,461 | | 0341080063750 | ROBERT GALLAGHER JR &W ELISABETH | 1,480,240 | 4,476 | 26.20 | 1,044 | 856 | 778 | 2,678 | 268 | 2,946 | 33,488 | | 0341080063761 | ROBERT J FEWELLTR | 2,274,230 | 6,993 | 49 . 25 | 1,604 | 1,337 | 1,463 | 4,404 | 440 | 4,844 | 55,070 | | 0341080063770 | GABLES MIRACLE MILE LLC | 2,944,920 | 7,283 | 74.89 | 2,077 | 1,393 | 2,224 | 5.694 | 569 | 6.263 | 71,200 | | 0341080063780 | NORMAS MIRACLE LLC | 1,928, 800 | 4,770 | 50.12 | 1,360 | 912 | 1,489 | 3,761 | 376 | 4,137 | 47,031 | | 0341080063790 | 277279 BUILDING LLC | 1,299,060 | 3,794 | 24.24 | 916 | 726 | 720 | 2,362 | 236 | 2,598 | 29,531 | | 0341080063800 | LILIAN M PENA | 1,293,780 | 3,772 | 26.88 | 912 | 721 | 798 | 2,432 | 243 | 2,675 | 30,413 | | 0341080063810 | MIRACLE PLAZA INC | 3,000,000 | 23,115 | 78.61 | 2,116 | 4,421 | 2,335 | 8,871 | 887 | 9,758 | 110,929 | | 0341080073690 | MIRACLE MILE LLC | 2,420,820 | 7,143 | 47.29 | 1,707 | 1,366 | 1,405 | 4,478 | 448 | 4,926 | 55,993 | | 0341080073700 | GABLES MIRACLE MILE LLC | 2,302,130 | 6 , 753 | 50.19 | 1,623 | 1,292 | 1,491 | 4.406 | 441 | 4,846 | 55.091 | | 0341080073710 | MARSHALL 0 KAPLAN & | 2,221 ,590 | 6,367 | 45.71 | 1,567 | 1,218 | 1,358 | 4,142 | 414 | 4,556 | 51 ,794 | | PIN | NAME | Value | AdjBld.SF | FF | Market Value Ass. | Adj. Building SF Ass. | Front Feet Ass. | Annual Ass. | Admin Fee | Total Annual Ass. | Total Par Debt Ass. | |---------------|------------------------------|------------|-------------|--------|---------------------|-------------------------|-------------------|---------------|-------------|---------------------|-----------------------| | 0341080073720 | MOMREALTYCORP | 51,847,800 | 4,884 | 47.3 | 51,303 | 5934 | 81,405 | 53.642 | 8364 | 52,C06 | | | 0341080073730 | GABLES MIRACLE MILE LLC | 82,363,310 | 6,676 | 52 | $1,667 | 81,277 | 81,545 | 84,488 | 8449 | 84,937 | 856,118 | | 0341080073740 | VASILIKI COUYUTAS | 8869,400 | 2,202 | 22.42 | 8613 | 8421 | S666 | 700 S1, | 8170 | 81,870 | 821,259 | | 0341080073750 | KETTAL NORTH AMERICA INC | 82,349,892 | 7,928 | 51.12 | $1,657 | 81,516 | 81,518 | 84,692 | 8469 | | 858,667 | | 0341080073760 | BLANCK TRUST LTD PARTNERSHIP | $1,125,840 | 3,001 | 25.3 | 8794 | 8574 | 8751 | 82,119 | 8212 | 82,331 | 826,501 | | 0341080073790 | BENITA ABLIN GILLER LE | 83,231,690 | 9,097 | 69.43 | | | 82,062 | 86,081 | 8608 | S6,689 | 876,039 | | 0341080080023 | CAVA INVESTMENTS LTD | 85,084,340 | 14,749 | 63.9 | 83,585 | 82,821 | 81,898 | $8,304 | S830 | 89,135 | 8103,839 | | 0341080080030 | HELEN KING TELLEKAMP TR | 81,983,556 | 4,548 | 168.62 | 81,399 | 8870 | 85,008 | 87,277 | 8728 | 88,005 | 890,994 | | 0341170050130 | ALAN SUSAN CORPORATION & | 8836,800 |