# Chunk ID: 3c02aa7cb693
# Source: 2014-114 - 06_10_2014_enhanced_resolution.md
# Index: 48/52
# agenda_item: H-1
# resolution: 2014-114
# document_type: RESOLUTION
# meeting_date: 06.10.2014

---

| 8622 | 86,846 | 877,821 | | 0341080073710 | MARSHALL D KAPLAN & | 82,221,590 | 6,367.00 | 45.71 | 82,126 | 81,648 | 82,070 | 85,844 | 8584 | 86,428 | 873,071 | | PIN | NAME | Market Value | Adj. Bid. SF | FF | Market Value Ass. | Adj. Building SF Ass. | Front Feet Ass. | Annual Ass. | Admin. Fee | Total Annual Ass. | Total Par Debt Ass. | |-----------------|-----------------------------|----------------|----------------|----------|---------------------|-------------------------|-------------------|---------------|--------------|---------------------|-----------------------| | 034_'80073720 0 | MOMREALTYCORP | 51,847 , 800 | 4 , 884_0 0 | 47.3 | 1,768 | 1,265 | 2,142 | 55 , 174 | 5517 | 5,691 | 564 , 698 | | 0341080073730 | GABLES MIRACLE MILE LLC | 2,363,310 | 6,676.00 | 52 | 2,261 | 1,728 | 2,354 | 6,344 | 634 | 6,978 | 79,328 | | 0341080073740 | VASILIKI COUYUTAS | 869,400 | 2,202.00 | 22.42 | 832 | 570 | 1,015 | 2,417 | 242 | 2,659 | 30,224 | | 0341080073750 | KETTAL NORTHAMERICA INC | 2,349,892 | 7,928.00 | 51.12 | 2,248 | 2,053 | 2,314 | 6.615 | 662 | 7,277 | 82.722 | | 0341080073760 | BLANCKTRUST LTO PARTNERSHIP | 1,125,840 | 3,001.00 | 25.3 | 1,077 | 777 | 1,145 | 3,000 | 300 | 3,300 | 37,509 | | 0341080073790 | BENITA ABLIN GILLER LE | 3,231,690 | 9,097.00 | 69.43 | 3,092 | 2,355 | 3,143 | 8,591 | 859 | 9.450 | 107,423 | | 0341080080023 | CAVA INVESTMENTS LTD | 5,084,340 | 14,749.00 | 63.9 | 4,865 | 3,819 | 2,893 | 11,576 | 1,158 | 12,734 | 144,756 | | 0341080080030 | HELEN KING TELLEKAMP TR | 1,983,556 | 4,548.00 | 168.62 | 1,898 | 1,178 | 7,634 | 10,710 | 1,071 | 11,781 | 133,919 | | 0341170050130 | ALAN SUSAN CORPORATION & | 836,800 | 2,009_00 | 27.26 | 801 | 520 | 1,234 | 2,555 | 256 | 2,811 | 31,949 | | 0341170050010 | BERNICE SEAMAN TRUSTEE | 1,412,252 | 3,143.00 | 85.35 | 1,35-1 | 814 | 3,864 | 6,029 | 603 | 6,632 | 75,392 | | 0341170050020 | SAMTER REALTY CO LLC | 2,124,897 | 4,782.00 | 11551 | 2,033 | 1,238 | 5,230 | 8,501 | 850 | 9,351 | 106,299 | | 0341170050030 | 370 PROPERTY LLC | 1,130,280 | 2,897.00 | 25.06 | 1,081 | 750 | 1,135 | 2,966 | 297 | 3,263 | 37,089 | | 0341170050040 | MIRACLE MILE PROPERTYLTD | 1,058,520 | 2,598.00 | 24.59 | 1,013 | 673 | 1,113 | 2,799 | 280 | 3,079 | 34,997 | | 0341170050140 | WILL OF MILDRED W BROWN LLC | 2,264,190 | 6,639 . 00 | 46.17 | 2,166 | 1,719 | 2,090 | 5,976 | 598 | 6,573 | 74,722 | | 0341170050050 | GABLES MIRACLE MILE LLC | 1,038,120 | 2,513.00 | 23.01 | 993 | 651 | 1,042 | 2,686 | 269 | 2,954 | 33,583 | | 0341170050060 | THE HELEN PSTEVENS FAMILY | 1,116,120 | 2,838.00 | 2663 | 1,068 | 735 | 1,206 | 3,008 | 301 | 3,309 | 37,618 | | 0341170050070 | GABLES MIRACLE MILE LLC | 4,275,960 | 12,076.00 | 97.1 | 4,091 | 3,127 | 4,396 | 11,614 | 1,161 | 12.775 | 145,227 | | 0341170050090 | WILL OF MILDREDW BROWN LLC | 3,219,630 | 9,099.00 | 74.4 | 3,081 | 2,356 | 3,369 | 8,805 | 880 | 9,685 | 110,099 | | 0341170050100 | LRE PROPERTIES LLC | 2,050,000 | 7,778.00 | 51.39 | 1,961 | 2,014 | 2,327 | 6,302 | 630 | 6,932 | 78,802 | | 0341170050110 | MMMMLLC | 1,441,000 | 5,030.00 | 26.16 | 1,379 | 1,302 | 1,184 | 3,865 | 387 | 4,252 | 48,335 | | 0341170050120 | JOSEJ BOLADOTRS | 850,200 | 2,076.00 | 23.01 | 813 | 537 | 1.042 | 2,393 | 239 | 2.632 | 29,920 | | 0341170050280 | THECITYOFCORAL GABLES | 1,197,600 | 3,924.00 | 57.28 | 1,146 | 1,016 | 2,593 | 4,755 | 476 | 5,231 | 59,461 | | 0341170050291 | CITY OF CORAL GABLES LESSOR | 940,000 | 3,147.00 | 13.4 | 899 | 815 | 607 | 2,321 | 232 | 2,553 | 29,021 | | 0341170050300 | MIRACLE MILE S LLC | 3,180,450 | 9,145.00 | 73.12 | 3,Q43 | 2,368 | 3.311 | 8,721 | 872 | 9,593 | 109.055 | | 0341170050310 | MIRACLE MILE S LLC | 1,108,080 | 2,867.00 | 40.28 | 1,060 | 742 | 1,824 | 3,626 |