# Chunk ID: 409e54e6dab7
# Source: Resolution_2014-114.md
# Index: 47/51
# document_type: DOCUMENT
# source_file: 2014-114 - 06_10_2014.pdf
# processed_stage: Stage 1 (OCR Extraction)
# conversion_date: 2025-07-05 01:15:22

---

ROBERT GALLAGHER JR &W ELISABETH | 81,480,240 | 4,476.00 | 26.2 | S1,416 | 81,159 | 81,186 | 761 | | 138 | | | 0341080063761 | ROBERT J FEWELL TR | 82,274,230 | 6,993.00 | 49.25 | 82,176 | 811 | 82,230 | 86,216 | 8622 | $6,838 | 877,732 | | 0341080063770 | GABLES MIRACLE MILE LLC | 82,944,920 | 7,283.00 | 74.89 | 82,818 | 81,886 | 83,391 | 88,094 | S809 | 88,903 | 8101,211 | | 0341080063780 | NORMAS MIRACLE LLC | | 4,770.00 | 50.12 | 81,845 | 81,235 | 82,269 | | 8535 | | 866,894 | | 0341080063790 | 277 279 BUILDING LLC | 81,299,060 | 3,794.00 | 24.24 | $1,243 | 8982 | 81,097 | 83,323 | 8332 | 83,655 | S41,548 | | 0341080063800 | LILIAN M PENA | 81,293,780 | 3,772.00 | 26.88 | | S977 | 81,217 | 83,432 | 8343 | 83,775 | 842,909 | | 0341080063810 | MIRACLE PLAZA INC | 83,000,000 | 23,115.00 | 78.61 | 82,870 | 85,985 | 83,559 | 812,414 | 81,241 | 813,656 | 8155,231 | | 0341080073690 | MIRACLE MILE LLC | 82,420,820 | 7,143.00 | 47.29 | 82,316 | 81,849 | 82,141 | S6,307 | S631 | 86,937 | S78,861 | | 0341080073700 | GABLES MIRACLE MILE LLC | 82,302,130 | 6,753.00 | 50.19 | 82,203 | 81,748 | 82,272 | 86,223 | 8622 | 86,846 | 877,821 | | 0341080073710 | MARSHALL D KAPLAN & | 82,221,590 | 6,367.00 | 45.71 | 82,126 | 81,648 | 82,070 | 85,844 | 8584 | 86,428 | 873,071 | | PIN | NAME | Market Value | Adj. Bid. SF | FF | Market Value Ass. | Adj. Building SF Ass. | Front Feet Ass. | Annual Ass. | Admin. Fee | Total Annual Ass. | Total Par Debt Ass. | |-----------------|-----------------------------|----------------|----------------|----------|---------------------|-------------------------|-------------------|---------------|--------------|---------------------|-----------------------| | 034_'80073720 0 | MOMREALTYCORP | 51,847 , 800 | 4 , 884_0 0 | 47.3 | 1,768 | 1,265 | 2,142 | 55 , 174 | 5517 | 5,691 | 564 , 698 | | 0341080073730 | GABLES MIRACLE MILE LLC | 2,363,310 | 6,676.00 | 52 | 2,261 | 1,728 | 2,354 | 6,344 | 634 | 6,978 | 79,328 | | 0341080073740 | VASILIKI COUYUTAS | 869,400 | 2,202.00 | 22.42 | 832 | 570 | 1,015 | 2,417 | 242 | 2,659 | 30,224 | | 0341080073750 | KETTAL NORTHAMERICA INC | 2,349,892 | 7,928.00 | 51.12 | 2,248 | 2,053 | 2,314 | 6.615 | 662 | 7,277 | 82.722 | | 0341080073760 | BLANCKTRUST LTO PARTNERSHIP | 1,125,840 | 3,001.00 | 25.3 | 1,077 | 777 | 1,145 | 3,000 | 300 | 3,300 | 37,509 | | 0341080073790 | BENITA ABLIN GILLER LE | 3,231,690 | 9,097.00 | 69.43 | 3,092 | 2,355 | 3,143 | 8,591 | 859 | 9.450 | 107,423 | | 0341080080023 | CAVA INVESTMENTS LTD | 5,084,340 | 14,749.00 | 63.9 | 4,865 | 3,819 | 2,893 | 11,576 | 1,158 | 12,734 | 144,756 | | 0341080080030 | HELEN KING TELLEKAMP TR | 1,983,556 | 4,548.00 | 168.62 | 1,898 | 1,178 | 7,634 | 10,710 | 1,071 | 11,781 | 133,919 | | 0341170050130 | ALAN SUSAN CORPORATION & | 836,800 | 2,009_00 | 27.26 | 801 | 520 | 1,234 | 2,555 | 256 | 2,811 | 31,949 | | 0341170050010 | BERNICE SEAMAN TRUSTEE | 1,412,252 | 3,143.00 | 85.35 | 1,35-1 | 814 | 3,864 | 6,029 | 603 | 6,632 | 75,392 | | 0341170050020 | SAMTER REALTY CO LLC | 2,124,897 | 4,782.00 | 11551 | 2,033 | 1,238 | 5,230 | 8,501 | 850 | 9,351 | 106,299 | | 0341170050030 | 370 PROPERTY LLC | 1,130,280 | 2,897.00 | 25.06 | 1,081 | 750 | 1,135 | 2,966 | 297 | 3,263 | 37,089 | | 0341170050040 | MIRACLE MILE PROPERTYLTD | 1,058,520 | 2,598.00 | 24.59 | 1,013 | 673 | 1,113 | 2,799 | 280 | 3,079 | 34,997 | | 0341170050140 | WILL OF MILDRED W BROWN LLC | 2,264,190 | 6,639 .