# Chunk ID: 4d9485c73ac6
# Source: 2014-114 - 06_10_2014_enhanced_resolution.md
# Index: 35/52
# agenda_item: H-1
# resolution: 2014-114
# document_type: RESOLUTION
# meeting_date: 06.10.2014

---

537 | 6,105 | | 0341081002410 | CF MIRACLE MILE LLC | 198,910 | 805 | 0.00 | 149 | 96 | 0 | 246 | 25 | 270 | 3,072 | | 0341081000410 | ALINA FALCON TRS | 392,540 | 1,654 | 0 . 00 | 295 | 198 | 0 | 493 | 49 | 542 | 6 , 159 | | 0341081000440 | RAMIREZ FAMILY TRS | 249,130 | 1,394 | 0 . 00 | 187 | 167 | 0 | 354 | 35 | 389 | 4,424 | | 0341081002480 | CF MIRACLE MILE LLC | 435,840 | 1,763 | 0.00 | 327 | 211 | 0 | 538 | 54 | 592 | 6,729 | | 0341081000570 | BARBARA ESMITH TRS | 240,120 | 1,139 | 0.00 | 180 | 136 | 0 | 317 | 32 | 348 | 3,958 | | 0341081002390 | CF MIRACLE MILE LLC | 99,440 | 402 | 0.00 | 75 | 48 | 0 | 123 | 12 | 135 | 1,535 | | 0341081000590 | AUNARIO RAMON TIRADO PENA | 251,040 | 1,139 | 0.00 | 189 | 136 | 0 | 325 | 32 | 357 | 4,060 | | 0341081000840 | ANGEL RCHINEA TRS | 257,180 | 1,251 | 0.00 | 193 | 150 | 0 | 343 | 34 | 377 | 4 , 286 | | 0341081000670 | JUDITH E DEL NERO | 162,020 | 753 | 0.00 | 122 | 90 | 0 | 212 | 21 | 233 | 2 , 647 | | 0341081000090 | FELIPE F FERNANDEZ | 144,520 | 798 | 0.00 | 109 | 95 | 0 | 204 | 20 | 224 | 2,550 | | 0341081000680 | RICHARD LAWRENCE WINTERTRS | 167,210 | 753 | 0.00 | 126 | 90 | 0 | 216 | 22 | 237 | 2,696 | | 0341081001900 | CF MIRACLE MILE LLC | 526,900 | 1,938 | 0.00 | 396 | 232 | 0 | 627 | 63 | 690 | 7,846 | | 0341081000700 | 1008 INVESTMENTS CORP | 177,570 | 753 | 0.00 | 133 | 90 | 0 | 223 | 22 | 246 | 2,793 | | 0341081001630 | ADOLFO PASTRAN | 154,900 | 798 | 0.00 | 116 | 95 | 0 | 212 | 21 | 233 | 2,648 | | 0341081000780 | HAYDEE PICHARDO CONCEPCION | 172,380 | 753 | 0.00 | 129 | 90 | 0 | 219 | 22 | 241 | 2,745 | | 0341081002400 | CF MIRACLE MILE LLC | 99,440 | 402 | 0.00 | 75 | 48 | 0 | 123 | 12 | 135 | 1,535 | | 0341081000810 | 710 ARAGON LLC | 240,810 | 1,251 | 0.00 | 181 | 150 | 0 | 330 | 33 | 363 | 4,132 | | PIN | NAME | Market Value | | | Market Value Ass. | Adj. Building | Front Feet Ass. | Annual Ass. | Admin. Fee | Total Annual Ass. | Total Par Debt Ass. | |---------------|-----------------------------------|----------------|-------|----|---------------------|-----------------|-------------------|---------------|--------------|---------------------|-----------------------| | 0341087007620 | SOFIA CRISTINA MORALES | 5160,.070 | 798 | 0 | 5120 | 595 | 50 | 5216 | 522 | 5237 | 82,696 | | 0341081000830 | SILVIA DAVILA | 8251,730 | 1,251 | 0 | 8189 | 8150 | | 8339 | 834 | 8372 | | | 0341081001600 | ITSME8GYETAGAIN LLC | 8180,820 | 798 | 0 | 8136 | 895 | S0 | 8231 | 823 | 8254 | 82,891 | | 0341081000850 | FLORA Y MARTINEZ TRS | 8262,640 | 1,251 | 0 | 8197 | 8150 | | 5347 | 835 | 8382 | 84,337 | | 0341081001610 | 10 ARAGON AVENUE UNIT 719 LLC | 8144,520 | 798 | 0 | 8109 | 895 | | 8204 | 820 | 8224 | 82,550 | | 0341081000920 | GARY L SCHRODT & | 8251,730 | 1,251 | 0 | 8189 | 8150 | | 8339 | 834 | | 84,234 | | 0341081001480 | NICHOLAS D SIEGFRIED | 8252,410 | 1,179 | 0 | 8190 | 8141 | | 8331 | 833 | 8364 | 84,133 | | 0341081000960 | CARLOS M DEEB | 8273,550 | 1,251 | 0 | S205 | 8150 | | 8355 | 836 | 8391 | 84,439 | | 0341081001710 | JEANETTEM FONT | | 1,114 | 0 | 8172 | 8133 | | | 831 | 8336 | 83,818 | | 0341081001030 | RESIDUARY TRUST A | 8162,020 | 753 | 0 | 8122 | 890 | | 8212