# Chunk ID: 4e25fee8d39e
# Source: 2014-114 - 06_10_2014_enhanced_resolution.md
# Index: 51/52
# agenda_item: H-1
# resolution: 2014-114
# document_type: RESOLUTION
# meeting_date: 06.10.2014

---

0 | 113 | 113 | 0 | 226 | 23 | 248 | 2,823 | | 0341081001960 | CF MIRACLE MILE LLC | 201,150 | 740 | 0 | 192 | 192 | 0 | 384 | 38 | 422 | 4,802 | | 0341081001970 | CF MIRACLE MILE LLC | 186,000 | 684 | 0 | 178 | 177 | 0 | 355 | 36 | 391 | 4,440 | | 0341081001980 | CF MIRACLE MILE LLC | 179,740 | 661 | 0 | 172 | 171 | 0 | 343 | 34 | 377 | 4,290 | | 0341081001990 | CF MIRACLE MILE LLC | 343,340 | 1,263 | 0 | 329 | 327 | 0 | 656 | 66 | 721 | 8,197 | | 0341081002010 | CF MIRACLE MILE LLC | 94,580 | 348 | 0 | 90 | 90 | 0 | 181 | 18 | 199 | 2,258 | | 0341081002020 | CF MIRACLE MILE LLC | 122,900 | 452 | 0 | 118 | 117 | 0 | 235 | 23 | 258 | 2,934 | | 0341081002030 | CF MIRACLE MILE LLC | 701,780 | 2,581 | 0 | 671 | 668 | 0 | 1,340 | 134 | 1,474 | 16,752 | | 0341081002110 | CF MIRACLE MILE LLC | 115,010 | 423 | 0 | 110 | 110 | 0 | 220 | 22 | 242 | 2,745 | | 0341081002120 | CF MIRACLE MILE LLC | 130,680 | 481 | 0 | 125 | 125 | 0 | 250 | 25 | 275 | 3,121 | | 0341081002250 | CF MIRACLE MILE LLC | 279,850 | 1,132 | 0 | 268 | 293 | 0 | 561 | 56 | 617 | 7,013 | | 0341081002260 | CF MIRACLE MILE LLC | 198,190 | 802 | 0 | 190 | 208 | 0 | 397 | 40 | 437 | 4,968 | | 0341081002270 | CF MIRACLE MILE LLC | 99,100 | 401 | 0 | 95 | 104 | 0 | 199 | 20 | 219 | 2,484 | | 0341081002280 | CF MIRACLE MILE LLC | 99,100 | 401 | 0 | 95 | 104 | 0 | 199 | 20 | 219 | 2,484 | | 0341081002290 | CF MIRACLE MILE LLC | 198,910 | 805 | 0 | 190 | 208 | 0 | 399 | 40 | 439 | 4,986 | | 0341081002300 | CF MIRACLE MILE LLC | 101,360 | 410 | 0 | 97 | 106 | 0 | 203 | 20 | 223 | 2,540 | | 0341081002310 | CF MIRACLE MILE LLC | 97,530 | 395 | 0 | 93 | 102 | 0 | 196 | 20 | 215 | 2,448 | | 0341081002320 | CF MIRACLE MILE LLC | 215,070 | 870 | 0 | 206 | 225 | 0 | 431 | 43 | 474 | 5,390 | | 0341081002330 | CF MIRACLE MILE LLC | 207,060 | 838 | 0 | 198 | 217 | 0 | 415 | 42 | 457 | 5,190 | | 0341081002340 | CFMIRACLE MILE LLC | 429,200 | 1,736 | 0 | 411 | 449 | 0 | 860 | 86 | 946 | 10,755 | | 0341081002350 | CF MIRACLE MILE LLC | 228,190 | 923 | 0 | 218 | 239 | 0 | 457 | 46 | 503 | 5,718 | | 0341081002360 | CF MIRACLE MILE LLC | 287,820 | 1.164 | 0 | 275 | 301 | 0 | 577 | 58 | 634 | 7,212 | | 0341081002370 | CF MIRACLE MILE LLC | 492,410 | 1,992 | 0 | 471 | 516 | 0 | 987 | 99 | 1,086 | 12,340 | | 0341081002380 | CF MIRACLE MILE LLC | 189,680 | 767 | 0 | 181 | 199 | 0 | 380 | 38 | 418 | 4,753 | | 0341081002390 | CF MIRACLE MILE LLC | 99,440 | 402 | 0 | 95 | 104 | 0 | 199 | 20 | 219 | 2,491 | | 0341081002400 | CF MIRACLE MILE LLC | 99,440 | 402 | 0 | 95 | 104 | 0 | 199 | 20 | 219 | 2,491 | | 0341081002410 | CF MIRACLE MILE LLC | 198,910 | 805 | 0 | 190 | 208 | 0 | 399 | 40 | 439 | 4,986 | | PIN | NAME | Market Value | Adj. Bid. SF | FF | Market Value Ass. | Adj. Building SF Ass.