# Chunk ID: 51e689c173de
# Source: Resolution_2014-114.md
# Index: 10/51
# document_type: DOCUMENT
# source_file: 2014-114 - 06_10_2014.pdf
# processed_stage: Stage 1 (OCR Extraction)
# conversion_date: 2025-07-05 01:15:22

---

0341170050291 | 0341081000030 | 0341081001580 | | 0341080063590 | 0341170050300 | 0341081002370 | 0341081001120 | | 0341080063710 | 0341170050310 | 0341081000040 | 0341081001490 | | 0341080063730 | 0341170050315 | 0341081002440 | 0341081001150 | | 0341080063740 | 0341170050320 | 0341081000300 | 0341081001510 | | 0341080063750 | 0341170050330 | 0341081000370 | 0341081001230 | | 0341080063761 | 0341170050340 | 0341081002420 | 0341081001460 | | 0341080063770 | 0341170050350 | 0341081000400 | 0341081001260 | | 0341080063780 | 0341170050471 | 0341081002410 | 0341081001470 | | 0341080063790 | 0341170050480 | 0341081000410 | 0341081001310 | | 0341080063800 | 0341170050520 | 0341081000440 | 0341081001450 | | 0341080063810 | 0341170050530 | 0341081002480 | 0341081001330 | | 0341080073690 | 0341170050540 | 0341081000570 | 0341081001300 | | 0341080073700 | 0341170050550 | 0341081002390 | 0341081001500 | | 0341080073710 | 0341170050560 | 0341081000590 | 0341081001350 | | 0341080073720 | 0341170050790 | 0341081000840 | 0341081001520 | | 0341080073730 | 0341170050800 | 0341081000670 | 0341081001410 | | 0341080073740 | 0341170050810 | 0341081000090 | 0341081001540 | | 0341080073750 | 0341170050840 | 0341081000680 | 0341081000750 | | 0341080073760 | 0341170050850 | 0341081001900 | 0341081001550 | | 0341080073790 | 0341170050860 | 0341081000700 | 0341081000150 | | 0341080080023 | 0341170050870 | 0341081001630 | 0341081001680 | | 0341080080030 | 0341170050880 | 0341081000780 | 0341081000640 | | 0341170050130 | 0341170060010 | 0341081002400 | 0341081001760 | | PIN | PIN | PIN | PIN | |---------------|---------------|---------------|---------------| | 0341081000460 | 0341081000510 | 0341081002490 | 0341081001960 | | 0341081000790 | 0341081000560 | 0341081001200 | 0341081001970 | | 0341081000130 | 0341081000550 | 0341081001190 | 0341081001980 | | 0341081000010 | 0341081000710 | 0341081002380 | 0341081001990 | | 0341081000620 | 0341081000740 | 0341081001210 | 0341081002010 | | 0341081000070 | 0341081000170 | 0341081001280 | 0341081002020 | | 0341081000060 | 0341081000690 | 0341081001250 | 0341081002030 | | 0341081000120 | 0341081000650 | 0341081001270 | 0341081002040 | | 0341081000140 | 0341081000660 | 0341081001430 | 0341081002050 | | 0341081000110 | 0341081000720 | 0341081001420 | 0341081002060 | | 0341081000080 | 0341081001340 | 0341081001290 | 0341081002070 | | 0341081000180 | 0341081000800 | 0341081001360 | 0341081002080 | | 0341081000160 | 0341081000930 | 0341081001400 | 0341081002090 | | 0341081000610 | 0341081000820 | 0341081001370 | 0341081002100 | | 0341081000230 | 0341081000890 | 0341081001720 | 0341081002110 | | 0341081000200 | 0341081000900 | 0341081001570 | 0341081002120 | | 0341081000360 | 0341081000880 | 0341081001560 | 0341081002130 | | 0341081000190 | 0341081000870 | 0341081001590 | 0341081002140 | | 0341081000240 | 0341081000860 | 0341081001700 | 0341081002150 | | 0341081000220 | 0341081000980 | 0341081001650 | 0341081002160 | | 0341081000210 | 0341081001010 | 0341081001690 | 0341081002170 | | 0341081000280 | 0341081000950 | 0341081001660 | 0341081002180 | | 0341081000340 | 0341081000910 | 0341081001670 | 0341081002190 | | 0341081000270 | 0341081000940 | 0341081001750 | 0341081002200 | | 0341081000260 | 0341081000970 | 0341081001740 | 0341081002210 | | 0341081000250 | 0341081000990 | 0341081001730 | 0341081002220 | | 0341081000770 | 0341081001040 | 0341081000050 | 0341081002230 | | 0341081000290 | 0341081001020 | 0341081000730 | 0341081002240 | | 0341081000330 | 0341081001000 | 0341081001440 | 0341081002250 | | 0341081000310 | 0341081001050 | 0341081001780 | 0341081002260 | | 0341081000760 | 0341081001390 | 0341081001790 | 0341081002270 | | 0341081000600 | 0341081001080 | 0341081001800 | 0341081002280 | | 0341081000420 | 0341081001070 | 0341081001810 | 0341081002290 | | 0341081000380 | 0341081000630 | 0341081001820 | 0341081002300 | | 0341081000450 | 0341081001060 | 0341081001830 | 0341081002310 | | 0341081000430 | 0341081001090 | 0341081001850 | 0341081002320 | | 0341081000500 | 0341081001130 | 0341081001860 | 0341081002340 | | 0341081000490 | 0341081001100 | 0341081001870 | 0341081002350 | | 0341081000480 | 0341081001140 | 0341081001880 | 0341081002360 | | 0341081000470 | 0341081001240 | 0341081001890 | 0341081002430 | | 0341081000580 | 0341081001160 | 0341081001910 | 0341081002450 | | 0341081000540 | 0341081001180 | 0341081001920 | 0341081002460 | | 0341081000530 | 0341081001220 | 0341081001940 | 0341081002470 | | 0341081000520 | 0341081001170 | 0341081001950 | 0341080063390 | | PIN | |---------------| | 0341080063400 | | 0341080063430 | | 0341080063480 | | 0341080063490 | | 0341080063600 | | 0341080063601 | | 0341080063610 | | 0341080063700 | | 0341081110010 | | 0341081110020 | | 0341170050270 | | 0341170050360 | | 0341170050370 | | 0341170050380 | | 0341170050390 | | 0341170050580 | | 0341170050590 | | 0341170050600 | | 0341170050640 | | 0341170050650 | | 0341170050660 | | 0341170050670 | | 0341170050680 | | 0341170050690 | | 0341170050710 | | 0341170050720 | | 0341170050740 | | 0341170050730 | | 0341170050760 | | 0341170050890 | | 0341170050971 | | 0341170050980 | | 0341170050990 | | 0341170051000 | ## APPENDIXB FORM OF NOTICE TO BE PUBLISHED ## APPENDIXB ## FORM OF NOTICE TO BE PUBLISHED To Be Published by August 5, 2014 ## NOTICE OF HEARING TO IMPOSE AND PROVIDE FOR COLLECTION OF SPECIAL ASSESSMENTS IN THE MIRACLE MILE ASSESSMENT AREA TO