# Chunk ID: 87778be53a18
# Source: 2014-114 - 06_10_2014_enhanced_resolution.md
# Index: 32/52
# agenda_item: H-1
# resolution: 2014-114
# document_type: RESOLUTION
# meeting_date: 06.10.2014

---

| 4,478 | 448 | 4,926 | 55,993 | | 0341080073700 | GABLES MIRACLE MILE LLC | 2,302,130 | 6 , 753 | 50.19 | 1,623 | 1,292 | 1,491 | 4.406 | 441 | 4,846 | 55.091 | | 0341080073710 | MARSHALL 0 KAPLAN & | 2,221 ,590 | 6,367 | 45.71 | 1,567 | 1,218 | 1,358 | 4,142 | 414 | 4,556 | 51 ,794 | | PIN | NAME | Value | AdjBld.SF | FF | Market Value Ass. | Adj. Building SF Ass. | Front Feet Ass. | Annual Ass. | Admin Fee | Total Annual Ass. | Total Par Debt Ass. | |---------------|------------------------------|------------|-------------|--------|---------------------|-------------------------|-------------------|---------------|-------------|---------------------|-----------------------| | 0341080073720 | MOMREALTYCORP | 51,847,800 | 4,884 | 47.3 | 51,303 | 5934 | 81,405 | 53.642 | 8364 | 52,C06 | | | 0341080073730 | GABLES MIRACLE MILE LLC | 82,363,310 | 6,676 | 52 | $1,667 | 81,277 | 81,545 | 84,488 | 8449 | 84,937 | 856,118 | | 0341080073740 | VASILIKI COUYUTAS | 8869,400 | 2,202 | 22.42 | 8613 | 8421 | S666 | 700 S1, | 8170 | 81,870 | 821,259 | | 0341080073750 | KETTAL NORTH AMERICA INC | 82,349,892 | 7,928 | 51.12 | $1,657 | 81,516 | 81,518 | 84,692 | 8469 | | 858,667 | | 0341080073760 | BLANCK TRUST LTD PARTNERSHIP | $1,125,840 | 3,001 | 25.3 | 8794 | 8574 | 8751 | 82,119 | 8212 | 82,331 | 826,501 | | 0341080073790 | BENITA ABLIN GILLER LE | 83,231,690 | 9,097 | 69.43 | | | 82,062 | 86,081 | 8608 | S6,689 | 876,039 | | 0341080080023 | CAVA INVESTMENTS LTD | 85,084,340 | 14,749 | 63.9 | 83,585 | 82,821 | 81,898 | $8,304 | S830 | 89,135 | 8103,839 | | 0341080080030 | HELEN KING TELLEKAMP TR | 81,983,556 | 4,548 | 168.62 | 81,399 | 8870 | 85,008 | 87,277 | 8728 | 88,005 | 890,994 | | 0341170050130 | ALAN SUSAN CORPORATION & | 8836,800 | 2,009 | 27.26 | 8590 | 8384 | 8810 | 81,784 | 8178 | 81,962 | 822,308 | | 0341170050010 | BERNICE SEAMAN TRUSTEE | 81,412,252 | 3,143 | 85.35 | S996 | S601 | 82,535 | 84,132 | | 84,545 | 851,669 | | 0341170050020 | SAMTER REALTY CO LLC | 82,124,897 | 4,782 | 115.51 | 81,498 | 8915 | 83,431 | 85,844 | 8584 | 86,428 | 873,075 | | 0341170050030 | 370 PROPERTY LLC | 81,130,280 | 2,897 | 25.06 | 8797 | 8554 | 8744 | 82,095 | 8210 | 52,305 | 826,202 | | 0341170050040 | MIRACLE MILE PROPERTY LTD | 81,058,520 | 2,598 | 24.59 | 8746 | 8497 | 8730 | 81,974 | 8197 | 82,171 | 824,680 | | 0341170050140 | WILL OF MILDRED W BROWN LLC | 82,264,190 | 6,639 | 46.17 | $1,597 | $1,270 | 81,371 | | 8424 | 84,662 | 852,991 | | 0341170050050 | GABLES MIRACLE MILE LLC | $1,038,120 | 2,513 | 23.01 | 8732 | 8481 | 8683 | 81,896 | 8190 | 82,086 | 823,710 | | 0341170050060 | THE HELEN P STEVENS FAMILY | $1,116,120 | 2,838 | 26.63 | 8787 | 8543 | | | 8212 | | 826,520 | | 0341170050070 | GABLES MIRACLE MILE LLC | 84,275,960 | | 97.1 | 83,015 | 82,310 | 82,884 | 88,209 | 8821 | 89,030 | 8102,649 | | 0341170050090 | WILL OF MILDRED W BROWN LLC | 83,219,630 | 9,099 | 74.4 | 82,270 | S1,740 | 82,210 | | 8622 | 86,843 | 877,784 | | 0341170050100 | LRE PROPERTIES LLC | 82,050,000 | 7,778 | 51.39 | 81,446 | 81,488 | 81,526 | 84,460 | 8446 | 906 | 855,764 | | 0341170050110 | MMMM LLC | $1,441,000 | 5,030 | 26.16 | S1,016 | | 8777 | 82,755 | 8276 | 83,031 | 834,452 | | 0341170050120 | JOSE J BOLADO TRS | 8850,200 | 2,076 | 23.01 | | 8397 | 8683 | 81,680 | 8168 | 81,848 | 821,008 | | 0341170050280 | THE CITY OF CORAL GABLES | 81,197,600 | 3,924 | 57.28 | 8845 | 8750 | $1,701 | 83,296 | 5330 | 83,626 | 841,219 | | 0341170050291 | CITY OF CORAL GABLES LESSOR | 8940,000 | 3,147 | 13.4 | S663 | 8602 | 8398 | 81,663 | S166 | S1,829 | 820,792 | | 0341170050300 | MIRACLE MILE $ LLC | 83,180,450 | 9,145 | 73.12 | 82,243 | 81,749 | 82,172 | S6,164 | | 86,780 | 877,073 | | 0341170050310 | MIRACLE MILE