# Chunk ID: 9d437e7e6ed0
# Source: 2014-114 - 06_10_2014_enhanced_resolution.md
# Index: 31/52
# agenda_item: H-1
# resolution: 2014-114
# document_type: RESOLUTION
# meeting_date: 06.10.2014

---

54,109 | 411 | 4.520 | 51.381 | | 0341170050312 | JACKSON RIP HOLMES | 1,030,680 | 2,908 | 25.11 | 727 | 556 | 746 | 2,029 | 203 | 2,232 | 25,369 | | 0341170050820 | ARRIBA INVESTMENTS INC | 954,160 | 3,603 | 60 . 83 | 673 | 689 | 1,807 | 3,169 | 317 | 3,486 | 39,623 | | 0341170050830 | MOMREAL1YCORP %PDAVIS | 737,400 | 1,662 | 26 . 16 | 520 | 318 | 777 | 1,615 | 161 | 1 ,776 | 20,193 | | 0341080063500 | THOMAS CAMPANIELLO | 2,094,695 | 5,379 | 51.48 | 1,477 | 1,029 | 1,529 | 4,035 | 403 | 4,438 | 50,455 | | 0341080063510 | GEORGETTE ARNOLD REVOCABLE TRUST | 748,450 | 1,821 | 23.34 | 528 | 348 | 693 | 1,569 | 157 | 1,726 | 19,623 | | 0341080063520 | 1220 BROADWAY LLC | 1,380,120 | 3,324 | 24.93 | 973 | 636 | 740 | 2,349 | 235 | 2,584 | 29,378 | | 0341080063521 | 1220 BROADWAY LLC | 719,880 | 2,037 | 26.35 | 508 | 390 | 783 | 1,680 | 168 | 1,848 | 21,006 | | 0341080063530 | CORAL GABLES ENTERPRISES LLC | 3,500,000 | 10,364 | 99.40 | 2,468 | 1,982 | 2,952 | 7,403 | 740 | 8,143 | 92,566 | | 0341080063540 | THE HELEN P STEVENS FAMILY | 1,643,250 | 4,284 | 50.48 | 1,159 | 819 | 1,499 | 3,478 | 348 | 3,825 | 43,484 | | 0341080063550 | 345 MM LLC | 1,950,000 | 4,680 | 54.38 | 1,375 | 895 | 1,615 | 3,885 | 389 | 4,274 | 48,584 | | 0341080063560 | HELEN KATHERINE LlMMIATIS TRS | 1,827,150 | 5 , 547 | 49.70 | 1,289 | 1,061 | 1,476 | 3,826 | 383 | 4,208 | 47,836 | | 0341080063580 | MOORMAN PROPERTIES I LLC | 2,136,100 | 5,940 | 49.52 | 1,506 | 1,136 | 1,471 | 4,113 | 411 | 4,525 | 51,434 | | 0341080063581 | G C M M INC | 1,424,050 | 3,604 | 49.13 | 1,004 | 689 | 1,459 | 3,153 | 315 | 3,468 | 39,423 | | 0341080063590 | MIRACLE MILE PLAZA INC | 1,657,340 | 6,238 | 133.30 | 1,169 | 1,193 | 3,959 | 6,321 | 632 | 6,953 | 79,041 | | 0341080063710 | TOBA MEISELMAN TRS | 3,084,690 | 8,365 | 71.27 | 2,175 | 1,600 | 2,117 | 5,892 | 589 | 6,481 | 73,676 | | 0341080063730 | ODESSA INV INC | 4,120,480 | 11,688 | 102.00 | 2,906 | 2,235 | 3,030 | 8,171 | 817 | 8,988 | 102,170 | | 0341080063740 | ALEE INC | 1,586,400 | 3,837 | 46.57 | 1,119 | 734 | 1,383 | 3,236 | 324 | 3,559 | 40,461 | | 0341080063750 | ROBERT GALLAGHER JR &W ELISABETH | 1,480,240 | 4,476 | 26.20 | 1,044 | 856 | 778 | 2,678 | 268 | 2,946 | 33,488 | | 0341080063761 | ROBERT J FEWELLTR | 2,274,230 | 6,993 | 49 . 25 | 1,604 | 1,337 | 1,463 | 4,404 | 440 | 4,844 | 55,070 | | 0341080063770 | GABLES MIRACLE MILE LLC | 2,944,920 | 7,283 | 74.89 | 2,077 | 1,393 | 2,224 | 5.694 | 569 | 6.263 | 71,200 | | 0341080063780 | NORMAS MIRACLE LLC | 1,928, 800 | 4,770 | 50.12 | 1,360 | 912 | 1,489 | 3,761 | 376 | 4,137 | 47,031 | | 0341080063790 | 277279 BUILDING LLC | 1,299,060 | 3,794 | 24.24 | 916 | 726 | 720 | 2,362 | 236 | 2,598 | 29,531 | | 0341080063800 | LILIAN M PENA | 1,293,780 | 3,772 | 26.88 | 912 | 721 | 798 | 2,432 | 243 | 2,675 | 30,413 | | 0341080063810 | MIRACLE PLAZA INC | 3,000,000 | 23,115 | 78.61 | 2,116 | 4,421 | 2,335 | 8,871 | 887 | 9,758 | 110,929 | | 0341080073690 | MIRACLE MILE LLC | 2,420,820 | 7,143 | 47.29 | 1,707 | 1,366 | 1,405 | 4,478 | 448 | 4,926 | 55,993 | | 0341080073700 | GABLES MIRACLE MILE LLC | 2,302,130 | 6 , 753 | 50.19 | 1,623 | 1,292 | 1,491 | 4.406 | 441 | 4,846 | 55.091 | | 0341080073710 | MARSHALL 0 KAPLAN & | 2,221 ,590 | 6,367 | 45.71 | 1,567 | 1,218 | 1,358 | 4,142 | 414 | 4,556 | 51 ,794 | | PIN | NAME | Value |