# Chunk ID: d80a38c0ed4c
# Source: Resolution_2014-114.md
# Index: 48/51
# document_type: DOCUMENT
# source_file: 2014-114 - 06_10_2014.pdf
# processed_stage: Stage 1 (OCR Extraction)
# conversion_date: 2025-07-05 01:15:22

---

8,501 | 850 | 9,351 | 106,299 | | 0341170050030 | 370 PROPERTY LLC | 1,130,280 | 2,897.00 | 25.06 | 1,081 | 750 | 1,135 | 2,966 | 297 | 3,263 | 37,089 | | 0341170050040 | MIRACLE MILE PROPERTYLTD | 1,058,520 | 2,598.00 | 24.59 | 1,013 | 673 | 1,113 | 2,799 | 280 | 3,079 | 34,997 | | 0341170050140 | WILL OF MILDRED W BROWN LLC | 2,264,190 | 6,639 . 00 | 46.17 | 2,166 | 1,719 | 2,090 | 5,976 | 598 | 6,573 | 74,722 | | 0341170050050 | GABLES MIRACLE MILE LLC | 1,038,120 | 2,513.00 | 23.01 | 993 | 651 | 1,042 | 2,686 | 269 | 2,954 | 33,583 | | 0341170050060 | THE HELEN PSTEVENS FAMILY | 1,116,120 | 2,838.00 | 2663 | 1,068 | 735 | 1,206 | 3,008 | 301 | 3,309 | 37,618 | | 0341170050070 | GABLES MIRACLE MILE LLC | 4,275,960 | 12,076.00 | 97.1 | 4,091 | 3,127 | 4,396 | 11,614 | 1,161 | 12.775 | 145,227 | | 0341170050090 | WILL OF MILDREDW BROWN LLC | 3,219,630 | 9,099.00 | 74.4 | 3,081 | 2,356 | 3,369 | 8,805 | 880 | 9,685 | 110,099 | | 0341170050100 | LRE PROPERTIES LLC | 2,050,000 | 7,778.00 | 51.39 | 1,961 | 2,014 | 2,327 | 6,302 | 630 | 6,932 | 78,802 | | 0341170050110 | MMMMLLC | 1,441,000 | 5,030.00 | 26.16 | 1,379 | 1,302 | 1,184 | 3,865 | 387 | 4,252 | 48,335 | | 0341170050120 | JOSEJ BOLADOTRS | 850,200 | 2,076.00 | 23.01 | 813 | 537 | 1.042 | 2,393 | 239 | 2.632 | 29,920 | | 0341170050280 | THECITYOFCORAL GABLES | 1,197,600 | 3,924.00 | 57.28 | 1,146 | 1,016 | 2,593 | 4,755 | 476 | 5,231 | 59,461 | | 0341170050291 | CITY OF CORAL GABLES LESSOR | 940,000 | 3,147.00 | 13.4 | 899 | 815 | 607 | 2,321 | 232 | 2,553 | 29,021 | | 0341170050300 | MIRACLE MILE S LLC | 3,180,450 | 9,145.00 | 73.12 | 3,Q43 | 2,368 | 3.311 | 8,721 | 872 | 9,593 | 109.055 | | 0341170050310 | MIRACLE MILE S LLC | 1,108,080 | 2,867.00 | 40.28 | 1,060 | 742 | 1,824 | 3,626 | 363 | 3,989 | 45,343 | | 0341170050315 | JEANIE HOLMES TR | 2,194,290 | 6,449.00 | 48.9 | 2,100 | 1,670 | 2,214 | 5,983 | 598 | 6,581 | 74,816 | | 0341170050320 | GABLES MIRACLE MILE LLC | 1,118,880 | 2,912.00 | 25.78 | 1,071 | 754 | 1,167 | 2,992 | 299 | 3.291 | 37.409 | | 0341170050330 | BALOGH BROTHERS LLC | 2,390,430 | 7,383_00 | 49.64 | 2,287 | 1,912 | 2,247 | 6,446 | 645 | 7,091 | 80,605 | | PIN | NAME | Market Value | Adj. Bid. SF | FF | Market Value Ass. | Adj. Building SF Ass. | Front Feet Ass. | Annual Ass. | Admin. Fee | Total Annual Ass. | Total Par Debt Ass. | |---------------|---------------------------------|----------------|----------------|------------|---------------------|-------------------------|-------------------|---------------|--------------|---------------------|-----------------------| | 0341170050340 | WILL OFMILDRED W BROWN LLC | 810,810 | 1,861. 00 | 19.85 | 776 | 482 | 899 | 2 , 1 56 | 216 | S2.372 | 26.964 | | 0341170050350 | GABLES MIRACLE MILE LLC | 8,310,550 | 47,100 . 00 | 204.70 | 7,952 | 12,195 | 9,268 | 29,414 | 2,941 | 32,355 | 367,803 | | 0341170050471 | THE PONCE DE LEON PARTNERSHIP | 1,875,580 | 7,453.00 | 48.34 | 1,795 | 1,930 | 2,189 | 5,913 | 591 | 6.504 | 73,936 | | 0341170050480 | MCBRIDE FAM LTD PARTNERSHIP | 4,300,000 | 34,077.00 | 202.82 | 4,114 | 8,823 | 9,183 | 22,120 | 2,212 | 24,332 | 276,594 | | 0341170050520 | MIRMAC PARTNERS LLC | 858,735 | | 52.41 | 822 | 0 | 2,373 | 3,195 | 319 | 3,514 | 39,946 | | 0341170050530 | GABLES MIRACLE MILE LLC | 1,032,840 | 2,616.00 | 26.32 $ | 988 $ | 677 | 1,192 $ | 2,857 $ | 286 $ | 3,143 $ | 35,727 | | 0341170050540 | GLORIA BSILVER & LEO SILVER TRS | 2,816,880 | 9,378.00 | 49.97 $ | 2,695 $ | 2,428 | 2,262 $ | 7,386 $ | 739 $ | 8,124 $ | 92,353 | | 0341170050550 | ANGELO VITUCCI TRS | 2,137,680 | 5,532.00 | 49.33 $ | 2,045 $ | 1,432 | 2,233 $ | 5,711 $ | 571 $ | 6,282 $ | 71,413