# Chunk ID: efd450866c4d
# Source: Resolution_2014-114.md
# Index: 41/51
# document_type: DOCUMENT
# source_file: 2014-114 - 06_10_2014.pdf
# processed_stage: Stage 1 (OCR Extraction)
# conversion_date: 2025-07-05 01:15:22

---

| 95 | 0 | 220 | 22 | 241 | 2,745 | | 0341081001690 | MYRIAM A FONTTRS | 218.300 | 1,114 | 0 | 164 | 133 | 0 | 297 | 30 | 327 | 3.716 | | 0341081001660 | JOSEFINA HERNANDEZ | 170,440 | 798 | 0 | 128 | 95 | 0 | 223 | 22 | 246 | 2,794 | | 0341081001670 | KENNETH J COONEY | 175.630 | 798 | 0 | 132 | 95 | 0 | 227 | 23 | 250 | 2,842 | | 0341081001750 | ANTONIO 0 SANCHEZ | 251,040 | 1,114 | 0 | 189 | 133 | 0 | 322 | 32 | 354 | 4.023 | | 0341081001740 | TOMMASO ANNESE | 245,580 | 1,114 | 0 | 184 | 133 | 0 | 318 | 32 | 349 | 3.972 | | 0341081001730 | LAURATERMINI | 240,120 | 1,114 | 0 | 180 | 133 | 0 | 314 | 31 | 345 | 3,921 | | 0341081000050 | BRUCE S FISHBEIN | 240,120 | 1,114 | 0 | 180 | 133 | 0 | 314 | 31 | 345 | 3.921 | | 0341081000730 | VALERIE QUEMADA | 146.460 | 753 | 0 | 110 | 90 | 0 | 200 | 20 | 220 | 2.501 | | 0341081001440 | ALiSIER HOLDING LTO | 230.580 | 1,179 | 0 | 173 | 141 | 0 | 314 | 31 | 346 | 3,928 | | 0341081001780 | RICHWOOD HOLDINGS LLC | 477,520 | 1,309 | 0 | 359 | 156 | 0 | 515 | 52 | 567 | 6,442 | | 0341081001790 | CARIVE PROPERTIES II INC | 477,520 | 1,309 | 0 | 359 | 156 | 0 | 515 | 52 | 567 | 6.442 | | 0341081001800 | ARAGON RENTAL CONCEPTS LLC | 283.100 | 1.251 | 0 | 213 | 150 | 0 | 362 | 36 | 398 | 4,529 | | 0341081001810 | COOPER FAMILY COMPANY LLC | 283,100 | 1,251 | 0 | 213 | 150 | 0 | 362 | 36 | 398 | 4,529 | | 0341081001820 | BANK OFAMERICA NA | 477.520 | 1.309 | 0 | 359 | 156 | 0 | 515 | 52 | 567 | 6.442 | | 0341081001830 | NOEL HERNANDEZ &WCELINA M | 740,160 | 2,423 | 0 | 556 | 290 | 0 | 846 | 85 | 930 | 10,574 | | 0341081001850 | CF MIRACLE MILE LLC | 198,640 | 731 | 5.35 | 149 | 87 | 159 | 396 | 40 | 435 | 4,946 | | 0341081001860 | CF MIRACLE MILE LLC | 239.340 | 880 | 6.44 | 180 | 105 | 191 | 476 | 48 | 524 | 5,956 | | 0341081001870 | CF MIRACLE MILE LLC | 356,710 | 1.312 | 9.6 | 268 | 157 | 285 | 710 | 71 | 781 | 8.878 | | 0341081001880 | CF MIRACLE MILE LLC | 326,160 | 1,200 | 8.78 | 245 | 143 | 261 | 649 | 65 | 714 | 8.119 | | 0341081001890 | CF MIRACLE MILE LLC | 519,520 | 1,911 | 13.99 | 390 | 228 | 415 | 1.034 | 103 | 1,138 | 12,931 | | 0341081001900 | CF MIRACLE MILE LLC | 526,900 | 1.938 | 14.18 | 396 | 232 | 421 | 1,049 | 105 | 1,154 | 13.114 | | 0341081001910 | CF MIRACLE MILE LLC | 563,060 | 2.071 | 15.16 | 423 | 248 | 450 | 1,121 | 112 | 1,233 | 14,014 | | 0341081001920 | CF MIRACLE MILE LLC | 603,320 | 2,219 | 16.24 | 453 | 265 | 482 | 1.201 | 120 | 1,321 | 15.016 | | 0341081001940 | CF MIRACLE MILE LLC | 118,220 | 435 | 3.18 | 89 | 52 | 95 | 235 | 24 | 259 | 2,943 | | PIN | NAME | Market Value | Adj. Bid. SF | FF | Market Value Ass. | Adj. Building SF Ass. | Front Feet Ass. | Annual Ass. | Admin . Fee | Total Annual Ass. | Total Par Debt Ass.