# Chunk ID: f4a9a3d921b0
# Source: 2014-114 - 06_10_2014_enhanced_resolution.md
# Index: 47/52
# agenda_item: H-1
# resolution: 2014-114
# document_type: RESOLUTION
# meeting_date: 06.10.2014

---

| | 0341170050830 | MOM REALTY CORP % P DAVIS | 8737,400 | 1,662.00 | 26.16 | S706 | 8430 | S1,184 | 82,320 | 8232 | 82,552 | 829,013 | | 0341080063500 | THOMAS CAMPANIELLO | 82,094,695 | 5,379.00 | 51.48 | 82,004 | 81,393 | 82,331 | 85,728 | 8573 | S6,300 | 871,621 | | 0341080063510 | | 8748,450 | 1,821.00 | 23.34 | S716 | 8471 | 81,057 | 82,244 | | 82,469 | 828,064 | | 0341080063520 | 1220 BROADWAY LLC | 81,380,120 | 3,324.00 | 24.93 | 81,321 | S861 | S1,129 | 83,310 | 8331 | S3,641 | S41,387 | | 0341080063521 | 1220 BROADWAY LLC | 8719,880 | 2,037.00 | 26.35 | 8689 | 8527 | 81,193 | 82,409 | 8241 | 82,650 | 830,125 | | 0341080063530 | CORAL GABLES ENTERPRISES LLC | 83,500,000 | 10,364.00 | 99.4 | 83,349 | 82,683 | 84,500 | 810,533 | 81,053 | 811,586 | 8131,702 | | 0341080063540 | THE HELEN P STEVENS FAMILY | 81,643,250 | 4,284.00 | 50.48 | 81,572 | 81,109 | 82,286 | 84,967 | 8497 | 85,464 | 862,108 | | 0341080063550 | 345 MM LLC | 81,950,000 | 4,680.00 | 54.38 | 81,866 | 81,212 | 82,462 | 85,540 | 8554 | S6,093 | 869,268 | | 0341080063560 | HELEN KATHERINE LIMMIATIS TRS | 81,827,150 | 5,547.00 | 49.7 | 81,748 | S1,436 | 82,250 | 85,435 | 8543 | 85,978 | | | 0341080063580 | | 82,136,100 | 5,940.00 | 49.52 | | | 82,242 | 85,824 | 8582 | Sô,406 | 872,823 | | 0341080063581 | GCMM INC | 81,424,050 | 3,604.00 | 49.13 | 81,363 | | 82,224 | 84,520 | 8452 | $4,972 | 856,520 | | 0341080063590 | MIRACLE MILE PLAZA INC | 81,657,340 | 6,238.00 | 133.3 | 81,586 | 81,615 | 86,035 | | 8924 | S10,160 | 8115,491 | | 0341080063710 | TOBA MEISELMAN TRS | 83,084,690 | 8,365.00 | 71.27 | 82,951 | $2,166 | 53,227 | 88,344 | 8834 | 89,178 | | | 0341080063730 | ODESSA INV INC | $4,120,480 | 11,688.00 | 102 | 83,942 | 83,026 | 84,618 | 811,587 | 81,159 | 812,745 | 8144,884 | | 0341080063740 | ALEE INC | $1,586,400 | 3,837.00 | 46.57 | 81,518 | | 82,108 | 84,620 | 8462 | 85,082 | 857,767 | | 0341080063750 | ROBERT GALLAGHER JR &W ELISABETH | 81,480,240 | 4,476.00 | 26.2 | S1,416 | 81,159 | 81,186 | 761 | | 138 | | | 0341080063761 | ROBERT J FEWELL TR | 82,274,230 | 6,993.00 | 49.25 | 82,176 | 811 | 82,230 | 86,216 | 8622 | $6,838 | 877,732 | | 0341080063770 | GABLES MIRACLE MILE LLC | 82,944,920 | 7,283.00 | 74.89 | 82,818 | 81,886 | 83,391 | 88,094 | S809 | 88,903 | 8101,211 | | 0341080063780 | NORMAS MIRACLE LLC | | 4,770.00 | 50.12 | 81,845 | 81,235 | 82,269 | | 8535 | | 866,894 | | 0341080063790 | 277 279 BUILDING LLC | 81,299,060 | 3,794.00 | 24.24 | $1,243 | 8982 | 81,097 | 83,323 | 8332 | 83,655 | S41,548 | | 0341080063800 | LILIAN M PENA | 81,293,780 | 3,772.00 | 26.88 | | S977 | 81,217 | 83,432 | 8343 | 83,775 | 842,909 | | 0341080063810 | MIRACLE PLAZA INC | 83,000,000 | 23,115.00 | 78.61 | 82,870 | 85,985 | 83,559 | 812,414 | 81,241 | 813,656 | 8155,231 | | 0341080073690 | MIRACLE MILE LLC | 82,420,820 | 7,143.00 | 47.29 | 82,316 | 81,849 | 82,141 | S6,307 | S631 | 86,937 | S78,861 | | 0341080073700 | GABLES MIRACLE MILE LLC | 82,302,130 | 6,753.00 | 50.19 | 82,203 | 81,748 | 82,272 | 86,223 | 8622 | 86,846 | 877,821 | | 0341080073710 | MARSHALL D KAPLAN & | 82,221,590 | 6,367.00 | 45.71 | 82,126 | 81,648 | 82,070 | 85,844 | 8584 | 86,428 | 873,071 | | PIN | NAME | Market Value | Adj. Bid. SF | FF | Market Value Ass. | Adj. Building SF Ass. | Front Feet Ass. | Annual Ass. | Admin. Fee | Total Annual Ass. | Total Par Debt Ass.