# Entities: addresses
# Chunk: 297eb8b1a2ef
# Document: Resolution_2014-169
# Count: 175

---

0341081000340
0341081000680
0341081001020
0341081000010
0341081000350
0341081000690
0341081001030
0341081000020
0341081000360
0341081000700
0341081001040
0341081000030
0341081000370
0341081000710
0341081001050
0341081000040
0341081000380
0341081000720
0341081001060
0341081000050
0341081000390
0341081000730
0341081001070
0341081000060
0341081000400
0341081000740
0341081001080
0341081000070
0341081000410
0341081000750
0341081001090
0341081000080
0341081000420
0341081000760
0341081001100
0341081000090
0341081000430
0341081000770
0341081001110
0341081000100
0341081000440
0341081000780
0341081001120
0341081000110
0341081000450
0341081000790
0341081001130
0341081000120
0341081000460
0341081000800
0341081001140
0341081000130
0341081000470
0341081000810
0341081001150
0341081000140
0341081000480
0341081000820
0341081001160
0341081000150
0341081000490
0341081000830
0341081001170
0341081000160
0341081000500
0341081000840
0341081001180
0341081000170
0341081000510
0341081000850
0341081001190
0341081000180
0341081000520
0341081000860
0341081001200
0341081000190
0341081000530
0341081000870
0341081001210
0341081000200
0341081000540
0341081000880
0341081001220
0341081000210
0341081000550
0341081000890
0341081001230
0341081000220
0341081000560
0341081000900
0341081001240
0341081000230
0341081000570
0341081000910
0341081001250
0341081000240
0341081000580
0341081000920
0341081001260
0341081001280
0341081001700
0341170050600
0341081002470
0341081001290
0341081001710
0341170050630
0341081002260
0341081001300
0341081001720
0341170050640
0341081002290
0341081001310
0341081001730
0341170050650
0341081002410
0341081001320
0341081001740
0341170050660
0341081002330
0341081001330
0341081001750
0341170050670
0341081002320
0341081001340
0341081001760
0341170050680
0341081001860
0341081001350
0341081001770
0341170050690
0341081002350
0341081001360
0341081001780
0341170050700
0341081002250
0341081001370
0341081001790
0341170050710
0341081002360
0341081001380
0341081001800
0341170050720
0341081001880
0341081001390
0341081001810
0341170050730
0341081002490
0341081001400
0341081001820
0341170050740
0341081001990
0341081001410
0341081001830
0341170050750
0341081001870
0341081001420
0341081002040
0341170050760
0341081002340
0341081001430
0341081002050
0341170050890
0341081002480
0341081001440
0341081002060
0341170050971
0341081001890
0341081001450
0341081002070
0341170050980
0341081001900
0341081001460
0341081002080
0341170050990
0341081002370
