# Entities: addresses
# Chunk: 2d349bcf405f
# Document: Resolution_2014-169
# Count: 34

---

0341081001200
0341081001210
0341081001220
0341081001230
0341081001240
0341081001250
0341081001260
0341081001270
0341081001280
0341081001290
0341081001300
0341081001310
0341081001320
0341081001330
0341081001340
0341081001350
0341081001360
0341081001370
0341081001380
0341081001390
0341081001400
0341081001410
0341081001420
0341081001430
0341081001440
0341081001450
0341081001460
0341081001470
0341081001480
0341081001490
0341081001500
0341081001510
0341081001520
0341081001530
