# Entities: addresses
# Chunk: 58dc973c4e86
# Document: Resolution_2014-169
# Count: 32

---

0341081001520
0341081001530
0341081001540
0341081001550
0341081001560
0341081001570
0341081001580
0341081001590
0341081001600
0341081001610
0341081001620
0341081001630
0341081001640
0341081001650
0341081001660
0341081001670
0341081001680
0341081001690
0341081001700
0341081001710
0341081001720
0341081001730
0341081001740
0341081001750
0341081001760
0341081001770
0341081001780
0341081001790
0341081001800
0341081001810
0341081001820
0341081001830
