# Entities: addresses
# Chunk: 5a7da045461f
# Document: Resolution_2014-169
# Count: 29

---

0341080063720
0341080063580
0341170050330
0341080063560
0341170050540
0341080063780
0341080073700
0341080063540
0341080073750
0341170050100
0341080063500
0341080073730
0341170050520
0341080063550
0341170050280
0341170050820
0341080080023
0341080073790
0341080063710
0341170050300
0341170050090
0341080063770
0341170050880
0341170050850
0341080063810
0341170050010
0341170050070
0341170050570
0341080063530
