# Entities: addresses
# Chunk: 604d53e91821
# Document: Resolution_2014-169
# Count: 32

---

0341170050690
0341170050700
0341170050710
0341170050720
0341170050730
0341170050740
0341170050750
0341170050760
0341170050890
0341170050971
0341170050980
0341170050990
0341170051000
0341081002450
0341081002010
0341081002460
0341081002420
0341081002310
0341081002270
0341081002280
0341081002390
0341081002400
0341081002300
0341081002110
0341081001940
0341081001950
0341081002020
0341081002430
0341081002120
0341081001980
0341081002440
0341081001970
