# Entities: addresses
# Chunk: 666f745c4c39
# Document: Resolution_2014-169
# Count: 29

---

0341080063390
0341080063400
0341080063430
0341080063480
0341080063490
0341080063600
0341080063601
0341080063700
0341080890020
0341081000010
0341081000020
0341081000030
0341081000040
0341081000050
0341081000060
0341081000070
0341081000080
0341081000090
0341081000100
0341081000110
0341081000120
0341081000130
0341081000140
0341081000150
0341081000160
0341081000170
0341081000180
0341081000190
0341081000200
