# Entities: addresses
# Chunk: 938b1c5e629f
# Document: Resolution_2014-169
# Count: 31

---

0341081001850
0341081001960
0341081002380
0341081002470
0341081002260
0341081002290
0341081002410
0341081002330
0341081002320
0341081001860
0341081002350
0341081002250
0341081002360
0341081001880
0341081002490
0341081001990
0341081001870
0341081002340
0341081002480
0341081001890
0341081001900
0341081002370
0341081001910
0341081001920
0341081002030
0341170050291
0341170050840
0341170050340
0341080073740
0341170050800
0341170050050
