# Entities: addresses
# Chunk: 9e0eadbb5e82
# Document: Resolution_2014-169
# Count: 33

---

0341081000860
0341081000870
0341081000880
0341081000890
0341081000900
0341081000910
0341081000920
0341081000930
0341081000940
0341081000950
0341081000960
0341081000970
0341081000980
0341081000990
0341081001000
0341081001010
0341081001020
0341081001030
0341081001040
0341081001050
0341081001060
0341081001070
0341081001080
0341081001090
0341081001100
0341081001110
0341081001120
0341081001130
0341081001140
0341081001150
0341081001160
0341081001170
0341081001180
