# Entities: addresses
# Chunk: a889b8d20495
# Document: Resolution_2014-169
# Count: 33

---

0341170050120
0341080063510
0341080063790
0341170050040
0341170050560
0341080063520
0341170050030
0341170050312
0341080073760
0341170050320
0341170050110
0341170050830
0341080063750
0341170050530
0341080063521
0341170050060
0341080063800
0341170050130
0341170050810
0341170050310
0341170050860
0341080073710
0341170050140
0341080063740
0341080073690
0341080073720
0341170050471
0341170050315
0341170050870
0341080063581
0341080063761
0341170050550
0341080063720
