# Entities: addresses
# Chunk: bfaa73c08507
# Document: Resolution_2014-169
# Count: 32

---

0341081002060
0341081002070
0341081002080
0341081002090
0341081002100
0341081002130
0341081002140
0341081002150
0341081002160
0341081002170
0341081002180
0341081002190
0341081002200
0341081002210
0341081002220
0341081002230
0341081002240
0341081110010
0341081110020
0341170050270
0341170050360
0341170050370
0341170050380
0341170050390
0341170050580
0341170050590
0341170050600
0341170050630
0341170050640
0341170050650
0341170050660
0341170050670
