# Entities: addresses
# Chunk: daa2ab5e08a0
# Document: Resolution_2014-169
# Count: 33

---

0341081000560
0341081000570
0341081000580
0341081000590
0341081000600
0341081000610
0341081000620
0341081000630
0341081000640
0341081000650
0341081000660
0341081000670
0341081000680
0341081000690
0341081000700
0341081000710
0341081000720
0341081000730
0341081000740
0341081000750
0341081000760
0341081000770
0341081000780
0341081000790
0341081000800
0341081000810
0341081000820
0341081000830
0341081000840
0341081000850
0341081000860
0341081000870
0341081000880
