# Entities: addresses
# Chunk: f78efdaee767
# Document: Resolution_2014-169
# Count: 32

---

0341081000230
0341081000240
0341081000250
0341081000260
0341081000270
0341081000290
0341081000300
0341081000310
0341081000320
0341081000330
0341081000340
0341081000350
0341081000360
0341081000370
0341081000380
0341081000390
0341081000400
0341081000410
0341081000420
0341081000430
0341081000440
0341081000450
0341081000460
0341081000470
0341081000480
0341081000490
0341081000500
0341081000510
0341081000520
0341081000530
0341081000540
0341081000550
